601748807654457784008912152319168422704193274988376714148917
765952658558151413899158662683347027693656404492256964213794
213553643163069978356053493978821260794417001613523266726192
820947268567377560760702524416777884159995551301160298810409
808543431719897386382771447921691838821826187176360015426707
566788083981893299649456775373380794507832024000536383515546
466898190595192469125248961099840381057088016740636495955961
4668354744339254620727139297235944480824027414058283197273
739663995052254506846181165615221083449113742756144612402056
386447126895998079591738460057540573100017097967004278992196
605211513888374381572291948405129696303507278768182497161373
381379131690977764203804117723160168535235396132500982267406
739663995052254506846181165615221083449113742756144612402056
681875866101505599883006597830529067418337394876834148937558
605211513888374381572291948405129696303507278768182497161373
454496798671328720963314919858302711945268511560260265320339
24679800754768627767329195382562159333842542312991591190526
739663995052254506846181165615221083449113742756144612402056
386447126895998079591738460057540573100017097967004278992196
605211513888374381572291948405129696303507278768182497161373
192598418467279208343364675266136984968028418372929623891417
180933940166343471674607668830930737344991347306925172426174
262764294863813627121994109060293966599860377517535583310406
565517984543883863751797655940436905662445562018549971661443
739663995052254506846181165615221083449113742756144612402056
874997430891372481844518555228854521891874648602902630464108
605211513888374381572291948405129696303507278768182497161373
4668354744339254620727139297235944480824027414058283197273
195043847671077540330878664066165826973304941613248121514359